[array([0.79798 , 0.070707]), array([0.252525, 0.858587]), array([0.39394 , 0.030303, 0.484848]), array([0.41977 , 0.410485, 0.339973, 0.40222 ]), array([0.347373, 0.927774, 0.996105, 0.98159 ]), array([0.207987, 0.164683, 0.476649, 0.975153, 0.030988]), array([0.099052, 0.375567, 0.35771 , 0.127775, 0.329814, 0.700027]), array([0.973551, 0.97689 , 0.001133, 0.97989 , 0.002684, 0.091465,
       0.049563, 0.160676])]
[array([0.919192, 0.818182]), array([0.868687, 0.232323]), array([7.57576e-01, 9.99999e-01, 1.00000e-06]), array([0.467381, 0.433761, 0.138507, 0.4388  ]), array([0.667539, 0.982309, 0.971422, 0.985501]), array([0.016661, 0.956603, 0.018761, 0.985778, 0.013872]), array([0.040443, 0.158491, 0.30916 , 0.049468, 0.291731, 0.958517]), array([0.280932, 0.156841, 0.048762, 0.032603, 0.989541, 0.128961,
       0.027755, 0.067668])]
[array([0.151515, 0.878788]), array([0.020202, 0.868687]), array([0.414141, 0.393939, 0.505051]), array([0.293653, 0.443674, 0.512453, 0.45043 ]), array([0.942536, 0.961395, 0.986174, 0.998521]), array([0.091857, 0.001206, 0.833993, 0.068767, 0.003483]), array([0.024277, 0.506031, 0.615064, 0.00857 , 0.334307, 0.695455]), array([0.024851, 0.989482, 0.005517, 0.955692, 0.433797, 0.917844,
       0.032542, 0.999401])]
[array([0.5, 0.5]), array([9.99999e-01, 1.00000e-06]), array([0.999999, 0.969697, 0.909091]), array([0.449811, 0.360747, 0.404054, 0.488158]), array([0.98612 , 0.990625, 0.989943, 0.968635]), array([3.66560e-02, 8.70000e-05, 9.84971e-01, 9.69754e-01, 9.51544e-01]), array([0.01187 , 0.524183, 0.200704, 0.016168, 0.336866, 0.536239]), array([0.009132, 0.44569 , 0.001779, 0.00739 , 0.981764, 0.002049,
       0.022043, 0.886523])]
[array([0.3, 0.3]), array([0.767677, 0.949495]), array([0.40404 , 0.393939, 0.494949]), array([0.389313, 0.43278 , 0.380213, 0.373415]), array([0.990807, 0.978097, 0.978424, 0.904757]), array([0.486143, 0.321683, 0.524266, 0.745001, 0.144502]), array([0.09811 , 0.962764, 0.66523 , 0.149962, 0.324577, 0.707674]), array([0.042776, 0.111743, 0.128987, 0.04112 , 0.677521, 0.644131,
       0.043245, 0.292294])]
[array([0.989817, 0.745796]), array([0.692346, 0.632542]), array([0.132167, 0.999839, 0.475359]), array([0.357978, 0.378003, 0.34272 , 0.393367]), array([0.999179, 0.961516, 0.99872 , 0.815874]), array([0.475776, 0.373573, 0.684357, 0.804018, 0.159593]), array([0.128912, 0.366045, 0.521757, 0.148102, 0.297677, 0.749418]), array([0.069356, 0.040246, 0.180246, 0.040299, 0.941157, 0.616002,
       0.252862, 0.680921])]
[array([0.413284, 0.496621]), array([0.682681, 0.994926]), array([0.993932, 0.584338, 0.495051]), array([0.002331, 0.083382, 0.975971, 0.929245]), array([0.975121, 0.975915, 0.991218, 0.902929]), array([0.332094, 0.582378, 0.943816, 0.951929, 0.039508]), array([0.012949, 0.369469, 0.092729, 0.137277, 0.09671 , 0.860607]), array([0.106521, 0.089882, 0.029873, 0.947519, 0.99808 , 0.988568,
       0.361563, 0.23044 ])]
[array([0.605969, 0.594025]), array([0.704871, 0.252873]), array([0.99943 , 0.588724, 0.461604]), array([0.5 , 0.45, 0.25, 0.65]), array([0.989363, 0.981609, 0.985253, 0.98412 ]), array([0.473535, 0.191671, 0.700716, 0.785103, 0.166975]), array([0.011269, 0.250343, 0.810417, 0.257422, 0.331792, 0.710733]), array([0.304694, 0.024891, 0.238369, 0.001885, 0.751665, 0.280832,
       0.050842, 0.506878])]
[array([0.800492, 0.789755]), array([0.719714, 0.154229]), array([0.535633, 0.571395, 0.483109]), array([0.501354, 0.896403, 0.887614, 0.234385]), array([0.996818, 0.995158, 0.803664, 0.991811]), array([0.54051 , 0.417388, 0.990904, 0.976693, 0.204906]), array([0.247226, 0.329535, 0.303967, 0.142309, 0.312473, 0.759856]), array([0.095202, 0.461697, 0.178521, 0.068887, 0.951654, 0.879759,
       0.840364, 0.019075])]
[array([0.544676, 0.536764]), array([0.762814, 0.442322]), array([0.979965, 0.80559 , 0.218679]), array([0.383734, 0.412997, 0.332349, 0.400866]), array([0.992387, 0.997393, 0.976028, 0.996053]), array([0.481402, 0.241722, 0.023236, 0.287881, 0.9329  ]), array([0.154776, 0.185572, 0.452621, 0.695539, 0.894732, 0.240548]), array([0.230179, 0.313147, 0.554821, 0.561811, 0.042192, 0.132913,
       0.98826 , 0.813674])]
[array([0.632305, 0.625498]), array([0.689383, 0.254826]), array([0.988434, 0.579952, 0.528498]), array([0.481562, 0.442967, 0.337226, 0.411073]), array([0.994551, 0.980758, 0.862838, 0.906935]), array([0.485881, 0.192424, 0.167409, 0.353311, 0.89608 ]), array([0.124744, 0.030128, 0.040869, 0.826665, 0.619403, 0.014368]), array([0.082646, 0.004498, 0.205876, 0.039889, 0.95    , 0.601938,
       0.357671, 0.875235])]
[array([0.638635, 0.62938 ]), array([0.720359, 0.25092 ]), array([0.996681, 0.586531, 0.505085]), array([0.388874, 0.394244, 0.341347, 0.397794]), array([0.999995, 0.999995, 0.999995, 0.999995]), array([0.48096 , 0.347628, 0.652339, 0.77451 , 0.152048]), array([0.105249, 0.402555, 0.565315, 0.153895, 0.282881, 0.73898 ]), array([0.064926, 0.052162, 0.171703, 0.040436, 0.856226, 0.62069 ,
       0.217926, 0.61615 ])]
[array([0.628148, 0.619768]), array([0.697127, 0.25385 ]), array([0.992558, 0.583242, 0.5     ]), array([0.435218, 0.418606, 0.339286, 0.404433]), array([0.999999, 0.999999, 0.999999, 0.999999]), array([0.478368, 0.360601, 0.668348, 0.789264, 0.155821]), array([0.117081, 0.3843  , 0.543536, 0.150999, 0.290279, 0.744199]), array([0.067141, 0.046204, 0.175975, 0.040368, 0.898692, 0.618346,
       0.235394, 0.648536])]